DOB_WK,"Total","Sunday","Monday","Tuesday","Wednesday","Thursday","Friday","Saturday"
"DOB_TT",
"0000",271,45,32,37,40,41,47,29
"0001",369,38,39,61,60,50,63,58
"0002",347,50,51,49,50,59,47,41
"0003",298,35,35,51,49,37,43,48
"0004",377,51,48,46,53,62,58,59
"0005",324,48,40,49,49,57,43,38
"0006",325,52,36,40,57,37,54,49
"0007",330,43,37,59,49,50,45,47
"0008",318,39,34,60,42,44,55,44
"0009",317,36,37,52,56,43,50,43
"0010",342,42,40,45,54,54,48,59
"0011",345,38,42,63,44,48,54,56
"0012",345,43,33,43,52,48,55,71
"0013",338,32,42,53,52,50,64,45
"0014",309,49,42,38,35,54,49,42
"0015",333,40,41,54,49,55,45,49
"0016",301,45,38,36,50,48,50,34
"0017",341,38,48,60,54,46,40,55
"0018",262,33,37,32,37,36,43,44
"0019",298,34,41,41,41,42,56,43
"0020",331,46,44,48,45,43,61,44
"0021",296,33,32,46,41,44,58,42
"0022",326,38,42,44,49,48,55,50
"0023",313,40,40,41,54,48,51,39
"0024",340,43,42,57,56,54,49,39
"0025",346,41,43,56,50,45,62,49
"0026",339,34,37,63,52,51,50,52
"0027",326,39,33,52,45,57,51,49
"0028",300,36,31,57,37,42,47,50
"0029",332,34,36,68,34,59,60,41
"0030",327,41,43,43,54,56,49,41
"0031",297,40,40,52,40,38,51,36
"0032",306,41,28,39,54,61,43,40
"0033",302,33,38,47,50,39,46,49
"0034",338,43,43,52,56,36,49,59
"0035",324,37,42,54,62,44,52,33
"0036",318,37,35,49,50,47,48,52
"0037",345,44,46,55,45,51,47,57
"0038",299,36,40,39,31,50,55,48
"0039",314,39,37,49,35,41,57,56
"0040",307,33,42,43,52,50,44,43
"0041",303,35,45,54,40,45,50,34
"0042",301,37,42,43,42,41,60,36
"0043",309,33,43,42,55,35,45,56
"0044",329,49,44,48,53,42,53,40
"0045",321,53,53,36,53,32,46,48
"0046",302,43,36,47,45,42,37,52
"0047",312,38,50,52,43,44,45,40
"0048",341,40,45,48,48,61,53,46
"0049",325,36,54,46,49,44,58,38
"0050",314,35,32,58,51,39,54,45
"0051",311,47,49,41,46,41,44,43
"0052",296,41,45,35,38,52,42,43
"0053",294,55,38,45,52,29,38,37
"0054",299,39,41,46,46,51,35,41
"0055",297,42,36,48,40,41,49,41
"0056",291,37,45,44,35,47,42,41
"0057",330,44,38,39,53,40,56,60
"0058",305,33,59,42,47,42,39,43
"0059",285,38,28,38,47,51,45,38
"0100",354,49,36,33,66,53,57,60
"0101",286,30,39,40,41,40,43,53
"0102",268,37,44,37,38,40,36,36
"0103",309,35,43,51,47,51,36,46
"0104",312,32,57,52,42,46,41,42
"0105",305,37,41,43,51,39,47,47
"0106",300,43,36,43,48,45,49,36
"0107",300,30,41,38,51,48,42,50
"0108",254,33,35,35,37,48,35,31
"0109",297,35,41,48,39,49,42,43
"0110",312,26,26,44,61,59,54,42
"0111",296,39,37,42,57,42,40,39
"0112",300,42,46,37,51,47,48,29
"0113",256,44,33,41,34,29,33,42
"0114",316,42,39,52,46,54,44,39
"0115",283,38,42,46,36,40,43,38
"0116",253,41,30,32,48,34,33,35
"0117",271,32,42,44,42,33,43,35
"0118",260,40,31,31,33,43,45,37
"0119",290,46,39,36,45,42,47,35
"0120",323,49,42,45,35,47,52,53
"0121",276,35,44,41,40,30,40,46
"0122",284,29,48,42,48,40,39,38
"0123",289,38,36,31,49,39,52,44
"0124",285,30,33,50,44,41,53,34
"0125",280,44,35,40,42,43,38,38
"0126",301,46,33,37,47,50,41,47
"0127",273,38,36,45,35,37,44,38
"0128",277,32,29,47,47,44,41,37
"0129",304,39,36,58,43,38,48,42
"0130",308,39,42,51,40,38,48,50
"0131",288,47,30,38,35,38,49,51
"0132",270,45,29,34,46,47,33,36
"0133",266,28,36,45,33,48,40,36
"0134",315,30,42,46,59,44,51,43
"0135",270,26,31,50,41,41,46,35
"0136",294,35,48,43,44,40,43,41
"0137",306,53,28,46,51,34,52,42
"0138",287,33,38,45,39,35,40,57
"0139",256,34,38,43,41,34,41,25
"0140",294,38,45,31,44,51,43,42
"0141",304,38,32,32,64,46,44,48
"0142",268,26,32,46,37,33,48,46
"0143",257,26,32,49,51,32,42,25
"0144",299,36,28,54,39,44,42,56
"0145",273,31,39,37,43,40,44,39
"0146",286,29,48,44,42,43,37,43
"0147",253,33,37,53,27,43,29,31
"0148",310,46,44,32,53,42,48,45
"0149",254,27,32,39,45,38,39,34
"0150",259,34,37,34,39,30,45,40
"0151",260,40,39,32,39,29,46,35
"0152",277,35,44,40,33,44,37,44
"0153",297,35,46,49,43,49,44,31
"0154",272,34,37,55,30,35,36,45
"0155",319,40,39,64,47,49,41,39
"0156",290,38,49,28,36,51,52,36
"0157",255,38,42,35,28,39,44,29
"0158",264,35,35,29,37,50,42,36
"0159",272,42,38,30,50,41,34,37
"0200",276,38,39,47,44,33,29,46
"0201",283,40,39,38,47,42,30,47
"0202",270,37,35,40,34,39,48,37
"0203",254,28,51,35,37,36,27,40
"0204",246,37,32,42,30,32,32,41
"0205",292,33,33,53,49,37,46,41
"0206",267,33,36,42,30,38,47,41
"0207",266,33,29,42,45,42,32,43
"0208",270,34,38,45,44,30,50,29
"0209",274,34,40,36,39,48,49,28
"0210",286,42,34,41,49,44,36,40
"0211",282,30,43,38,46,39,46,40
"0212",280,36,39,43,40,39,37,46
"0213",225,31,31,37,36,26,38,26
"0214",271,35,42,37,45,35,40,37
"0215",246,39,27,35,34,38,37,36
"0216",281,35,43,37,45,41,36,44
"0217",268,34,41,48,34,33,34,44
"0218",247,24,30,35,48,36,39,35
"0219",281,40,33,39,27,51,46,45
"0220",286,37,42,45,40,44,41,37
"0221",259,31,36,40,38,38,39,37
"0222",262,33,39,49,38,41,33,29
"0223",255,37,29,36,44,38,37,34
"0224",249,29,28,45,39,28,51,29
"0225",277,41,22,42,41,38,36,57
"0226",254,30,29,40,40,31,42,42
"0227",289,46,45,44,35,34,43,42
"0228",246,42,27,32,33,33,42,37
"0229",259,34,31,40,49,32,39,34
"0230",294,41,46,55,34,49,34,35
"0231",236,28,30,34,35,27,39,43
"0232",262,42,40,45,27,39,30,39
"0233",255,24,39,48,40,31,34,39
"0234",283,31,44,44,35,41,49,39
"0235",287,38,36,52,40,41,49,31
"0236",295,33,40,53,42,44,36,47
"0237",310,58,35,46,46,36,44,45
"0238",261,29,33,42,34,38,41,44
"0239",257,21,35,53,42,30,36,40
"0240",252,44,37,30,30,42,37,32
"0241",249,28,36,39,35,36,32,43
"0242",225,28,27,26,41,33,35,35
"0243",250,35,31,28,41,41,41,33
"0244",253,35,34,52,32,30,39,31
"0245",282,29,40,41,43,36,53,40
"0246",252,35,40,45,37,28,37,30
"0247",276,36,49,31,39,52,33,36
"0248",276,44,36,46,29,39,44,38
"0249",283,45,41,40,41,35,40,41
"0250",263,46,29,34,35,43,41,35
"0251",269,38,36,37,46,34,34,44
"0252",247,26,46,33,38,30,34,40
"0253",274,46,30,43,46,37,38,34
"0254",272,33,34,47,41,31,45,41
"0255",290,37,36,46,38,56,41,36
"0256",271,32,33,51,49,34,42,30
"0257",270,36,44,36,44,39,28,43
"0258",290,38,46,47,44,45,31,39
"0259",260,33,43,35,41,33,34,41
"0300",267,43,41,38,34,47,32,32
"0301",268,38,33,32,39,39,56,31
"0302",282,33,36,38,36,47,42,50
"0303",206,27,32,24,30,33,27,33
"0304",253,30,42,36,37,24,39,45
"0305",270,32,36,45,48,42,27,40
"0306",242,31,40,30,41,28,37,35
"0307",255,27,39,35,32,45,37,40
"0308",255,35,48,35,32,29,42,34
"0309",234,27,29,43,45,25,34,31
"0310",244,38,33,32,29,31,51,30
"0311",243,27,35,33,38,32,44,34
"0312",258,35,39,46,37,20,41,40
"0313",247,30,36,40,39,39,29,34
"0314",240,28,28,32,44,37,38,33
"0315",317,46,33,46,42,54,44,52
"0316",266,39,32,37,33,47,34,44
"0317",251,28,33,31,43,39,37,40
"0318",271,44,36,32,39,43,54,23
"0319",259,39,37,45,36,28,40,34
"0320",289,45,42,51,43,41,40,27
"0321",271,29,37,46,43,33,38,45
"0322",233,35,41,30,38,34,29,26
"0323",239,31,33,34,32,34,32,43
"0324",261,35,33,45,44,39,33,32
"0325",273,28,39,43,34,52,35,42
"0326",282,38,43,41,39,45,35,41
"0327",236,22,38,37,40,33,28,38
"0328",253,31,43,31,38,39,33,38
"0329",256,36,28,35,51,36,30,40
"0330",267,40,28,46,44,37,47,25
"0331",286,45,40,39,37,32,46,47
"0332",268,21,31,37,45,47,43,44
"0333",250,31,39,48,26,35,33,38
"0334",246,42,32,35,33,37,35,32
"0335",258,30,40,46,45,32,30,35
"0336",254,34,24,41,39,40,27,49
"0337",283,30,44,47,39,43,41,39
"0338",260,37,42,35,29,47,44,26
"0339",263,38,40,38,42,37,34,34
"0340",253,26,42,32,38,44,47,24
"0341",277,44,49,51,42,27,36,28
"0342",244,42,31,27,37,47,34,26
"0343",235,20,41,49,40,33,26,26
"0344",254,33,40,32,36,36,46,31
"0345",273,50,30,45,48,36,31,33
"0346",227,24,35,34,34,40,32,28
"0347",245,35,35,29,48,33,25,40
"0348",252,30,36,43,36,38,32,37
"0349",244,36,33,29,35,30,48,33
"0350",254,35,33,45,34,34,37,36
"0351",248,31,31,34,39,32,37,44
"0352",266,37,29,45,37,36,39,43
"0353",238,32,28,37,37,40,37,27
"0354",239,42,33,32,31,40,37,24
"0355",272,31,49,49,33,38,33,39
"0356",272,34,41,47,40,37,35,38
"0357",252,23,44,38,36,33,38,40
"0358",227,38,34,29,38,25,33,30
"0359",247,30,39,34,42,39,36,27
"0400",300,37,49,50,47,36,39,42
"0401",272,21,38,39,51,41,40,42
"0402",245,35,34,34,32,48,28,34
"0403",263,33,35,42,39,39,40,35
"0404",264,31,40,37,35,45,46,30
"0405",281,33,41,39,39,42,47,40
"0406",249,27,36,38,33,37,37,41
"0407",254,30,30,40,47,33,42,32
"0408",250,36,38,40,44,31,27,34
"0409",221,28,36,28,35,29,40,25
"0410",270,35,52,34,36,44,35,34
"0411",269,37,39,34,45,46,32,36
"0412",258,31,38,37,38,33,44,37
"0413",223,34,24,28,37,31,39,30
"0414",217,33,27,23,37,31,33,33
"0415",273,35,44,43,33,42,45,31
"0416",233,30,32,30,38,28,36,39
"0417",251,33,34,42,37,33,43,29
"0418",257,38,33,43,42,36,30,35
"0419",262,36,38,28,42,41,35,42
"0420",265,42,35,39,33,43,38,35
"0421",261,28,41,46,42,36,35,33
"0422",232,31,43,42,34,28,28,26
"0423",250,27,30,44,42,31,34,42
"0424",255,32,37,43,36,34,32,41
"0425",271,31,34,47,41,44,39,35
"0426",241,30,32,35,38,35,32,39
"0427",235,37,34,34,31,42,32,25
"0428",255,37,33,36,32,30,44,43
"0429",261,41,26,38,39,38,33,46
"0430",288,44,39,37,44,43,37,44
"0431",253,31,32,43,45,31,29,42
"0432",275,33,36,41,40,46,39,40
"0433",262,41,41,38,40,25,39,38
"0434",274,34,40,40,34,48,43,35
"0435",270,33,33,45,27,44,45,43
"0436",265,38,34,37,40,41,33,42
"0437",259,40,33,40,36,38,43,29
"0438",241,35,30,36,27,29,44,40
"0439",236,22,31,38,34,36,36,39
"0440",244,34,40,40,36,33,31,30
"0441",242,41,47,26,36,24,36,32
"0442",256,35,42,33,32,31,44,39
"0443",256,39,40,43,40,34,34,26
"0444",262,32,45,34,39,40,37,35
"0445",296,27,40,47,45,49,44,44
"0446",261,48,42,29,29,40,40,33
"0447",251,36,32,45,31,39,31,37
"0448",232,35,37,25,41,23,38,33
"0449",273,46,44,33,38,35,43,34
"0450",277,37,41,42,38,37,41,41
"0451",239,37,33,43,25,41,33,27
"0452",275,43,38,47,34,28,41,44
"0453",245,35,28,42,28,42,34,36
"0454",240,33,30,32,29,50,40,26
"0455",236,33,36,41,36,31,32,27
"0456",243,27,45,39,37,32,33,30
"0457",217,32,28,43,31,32,35,16
"0458",264,45,41,37,45,29,43,24
"0459",253,34,35,40,40,43,25,36
"0500",279,42,37,40,43,42,38,37
"0501",258,40,31,37,28,34,45,43
"0502",266,36,29,40,40,41,43,37
"0503",269,32,39,33,47,42,46,30
"0504",246,38,36,36,35,31,38,32
"0505",256,37,32,37,37,31,46,36
"0506",246,35,32,38,34,39,33,35
"0507",236,26,38,34,36,46,26,30
"0508",252,33,27,44,38,46,30,34
"0509",233,23,28,30,33,36,43,40
"0510",270,38,33,33,44,43,38,41
"0511",300,45,38,47,47,51,31,41
"0512",271,32,34,44,41,51,30,39
"0513",266,38,43,43,31,42,32,37
"0514",261,40,42,34,41,31,41,32
"0515",287,31,43,42,37,50,45,39
"0516",284,33,41,39,42,40,48,41
"0517",255,35,35,29,36,43,34,43
"0518",247,32,26,35,38,31,54,31
"0519",232,31,38,35,25,44,24,35
"0520",255,40,36,39,32,38,33,37
"0521",263,35,43,38,37,36,40,34
"0522",250,29,36,40,37,36,40,32
"0523",267,39,40,40,34,43,31,40
"0524",275,33,47,45,40,42,27,41
"0525",273,39,38,40,45,37,35,39
"0526",281,40,41,41,45,33,40,41
"0527",277,45,51,43,37,42,37,22
"0528",291,31,48,53,43,41,48,27
"0529",268,34,44,39,39,30,38,44
"0530",276,35,43,38,37,46,42,35
"0531",284,34,34,35,40,44,47,50
"0532",269,38,40,35,34,38,47,37
"0533",284,27,39,40,45,48,45,40
"0534",285,31,35,44,45,44,46,40
"0535",285,15,48,35,49,51,47,40
"0536",288,38,46,43,43,45,39,34
"0537",275,37,29,37,51,36,37,48
"0538",256,34,32,33,43,40,40,34
"0539",278,39,41,45,45,42,37,29
"0540",295,43,43,54,39,39,38,39
"0541",299,30,40,57,43,49,35,45
"0542",304,34,41,43,52,47,47,40
"0543",264,35,39,47,43,33,25,42
"0544",289,31,47,50,43,36,37,45
"0545",262,33,48,35,35,44,40,27
"0546",271,40,34,40,39,35,37,46
"0547",263,35,34,42,38,39,46,29
"0548",281,40,49,44,37,35,37,39
"0549",304,38,39,36,58,54,38,41
"0550",292,34,41,40,38,45,44,50
"0551",278,42,36,56,41,42,34,27
"0552",293,41,37,41,58,34,47,35
"0553",282,33,50,46,41,40,42,30
"0554",306,41,45,42,57,43,44,34
"0555",317,33,40,56,41,58,46,43
"0556",291,35,38,35,48,50,50,35
"0557",252,23,38,35,40,47,40,29
"0558",314,46,54,45,44,40,46,39
"0559",261,33,37,47,37,37,40,30
"0600",327,34,48,47,48,55,47,48
"0601",274,33,39,37,41,45,46,33
"0602",291,40,41,44,44,38,51,33
"0603",272,45,35,46,33,36,48,29
"0604",297,46,45,43,39,38,48,38
"0605",254,28,29,41,36,47,38,35
"0606",288,30,40,43,50,41,54,30
"0607",295,38,40,45,45,41,50,36
"0608",292,34,35,49,44,50,40,40
"0609",304,38,43,53,39,46,48,37
"0610",289,33,50,44,41,47,43,31
"0611",325,37,52,54,53,39,56,34
"0612",311,40,42,48,52,45,50,34
"0613",318,36,48,56,52,34,47,45
"0614",341,43,54,47,53,46,48,50
"0615",320,30,38,62,57,44,48,41
"0616",306,34,48,43,44,53,43,41
"0617",334,43,36,61,60,57,45,32
"0618",337,38,55,60,53,51,45,35
"0619",328,40,36,57,51,51,53,40
"0620",360,41,45,62,57,58,57,40
"0621",378,47,64,47,60,59,58,43
"0622",359,39,50,61,40,66,56,47
"0623",364,41,51,61,63,53,56,39
"0624",357,34,51,59,53,51,60,49
"0625",355,40,64,58,58,46,58,31
"0626",346,44,50,52,53,61,42,44
"0627",380,35,44,56,48,60,66,71
"0628",350,43,50,46,63,61,55,32
"0629",348,41,54,59,53,40,66,35
"0630",400,30,57,65,71,61,65,51
"0631",359,47,60,48,50,51,50,53
"0632",343,44,42,62,52,49,49,45
"0633",312,31,41,56,45,45,59,35
"0634",378,42,50,68,49,63,70,36
"0635",354,41,38,65,61,53,47,49
"0636",360,42,50,59,58,48,62,41
"0637",361,40,51,59,63,46,61,41
"0638",364,37,54,74,54,54,52,39
"0639",353,42,37,58,65,60,54,37
"0640",376,40,43,61,69,58,59,46
"0641",323,34,43,54,51,52,53,36
"0642",361,45,59,50,52,51,61,43
"0643",357,48,53,59,60,49,46,42
"0644",371,42,51,63,68,48,49,50
"0645",375,47,51,68,56,50,58,45
"0646",345,32,66,51,56,52,47,41
"0647",369,36,50,53,57,65,66,42
"0648",350,40,46,51,67,48,53,45
"0649",330,32,58,42,46,55,56,41
"0650",378,38,77,64,53,53,52,41
"0651",324,34,56,55,45,60,47,27
"0652",354,42,53,56,58,60,54,31
"0653",372,33,72,59,50,62,57,39
"0654",345,40,55,51,49,55,56,39
"0655",365,41,49,65,54,54,70,32
"0656",327,31,57,50,55,49,49,36
"0657",368,40,59,58,52,53,61,45
"0658",364,29,71,54,54,50,64,42
"0659",380,33,61,67,65,68,53,33
"0700",385,46,59,59,63,65,61,32
"0701",396,27,70,53,73,59,71,43
"0702",363,35,57,57,61,51,67,35
"0703",375,39,54,55,56,63,65,43
"0704",374,31,62,69,61,57,59,35
"0705",393,39,71,59,61,55,69,39
"0706",406,22,70,68,72,64,73,37
"0707",422,29,79,79,64,57,72,42
"0708",440,25,85,66,59,78,88,39
"0709",411,34,66,72,69,66,66,38
"0710",479,46,82,69,80,75,91,36
"0711",502,42,93,77,67,92,94,37
"0712",459,42,86,88,64,76,72,31
"0713",489,29,99,81,83,72,90,35
"0714",564,33,104,109,92,90,92,44
"0715",580,35,93,104,112,98,101,37
"0716",570,32,108,106,90,100,91,43
"0717",631,36,132,98,99,129,100,37
"0718",617,43,111,111,116,106,94,36
"0719",643,34,105,142,124,99,108,31
"0720",703,44,143,118,132,110,121,35
"0721",687,34,130,135,126,104,124,34
"0722",752,35,126,130,137,135,144,45
"0723",716,32,130,151,132,105,128,38
"0724",836,38,168,163,155,132,145,35
"0725",825,41,153,157,120,139,178,37
"0726",837,33,178,143,133,154,160,36
"0727",883,47,159,163,147,140,185,42
"0728",898,29,183,157,139,159,181,50
"0729",907,29,170,180,173,138,162,55
"0730",1018,42,197,191,184,169,199,36
"0731",998,36,190,195,188,167,186,36
"0732",1056,41,221,194,186,146,221,47
"0733",1107,38,241,226,189,183,189,41
"0734",1170,34,233,210,207,208,234,44
"0735",1233,41,242,223,248,192,238,49
"0736",1221,40,261,231,204,189,252,44
"0737",1302,38,281,241,254,212,235,41
"0738",1391,47,295,258,241,241,253,56
"0739",1413,43,309,249,240,254,263,55
"0740",1649,47,330,301,317,282,325,47
"0741",1578,47,328,280,288,289,285,61
"0742",1673,35,361,327,284,283,337,46
"0743",1858,43,389,360,362,315,337,52
"0744",1938,50,387,389,327,346,380,59
"0745",2205,61,438,417,398,347,474,70
"0746",2039,58,430,383,363,343,402,60
"0747",2328,55,522,443,434,361,451,62
"0748",2339,51,485,447,412,379,507,58
"0749",2507,57,543,483,408,454,487,75
"0750",2682,60,594,534,445,457,537,55
"0751",2739,58,594,533,470,491,518,75
"0752",2859,56,594,594,500,453,577,85
"0753",2896,67,577,595,540,460,572,85
"0754",3167,68,712,633,536,527,606,85
"0755",3356,64,697,651,580,593,691,80
"0756",3396,70,691,677,574,582,697,105
"0757",3307,68,638,630,615,542,722,92
"0758",3523,72,706,707,645,611,681,101
"0759",3661,66,758,740,632,610,763,92
"0800",3850,68,789,754,684,661,788,106
"0801",3449,64,740,667,623,542,719,94
"0802",3604,58,805,695,621,579,743,103
"0803",3510,64,717,671,617,638,713,90
"0804",3531,69,733,673,607,590,756,103
"0805",3625,85,778,676,678,611,696,101
"0806",3502,76,715,678,610,603,718,102
"0807",3398,72,686,654,612,587,694,93
"0808",3304,71,704,635,547,567,672,108
"0809",3158,71,639,639,541,545,611,112
"0810",3286,72,680,660,596,559,620,99
"0811",3078,69,590,603,588,532,595,101
"0812",3013,63,624,549,505,529,655,88
"0813",2788,76,610,521,484,436,571,90
"0814",2816,61,570,551,494,490,563,87
"0815",2760,70,554,528,492,439,554,123
"0816",2657,64,554,478,475,458,518,110
"0817",2582,67,538,487,448,417,518,107
"0818",2467,72,526,436,447,425,459,102
"0819",2497,73,513,495,436,398,494,88
"0820",2521,82,561,478,462,364,490,84
"0821",2378,78,491,435,381,433,460,100
"0822",2326,80,457,432,411,415,444,87
"0823",2330,74,483,463,411,403,400,96
"0824",2299,75,477,465,368,388,420,106
"0825",2329,68,462,442,437,390,437,93
"0826",2272,99,456,410,402,364,418,123
"0827",2187,66,443,395,415,343,421,104
"0828",2092,77,424,387,357,382,374,91
"0829",2062,78,435,356,346,347,389,111
"0830",2247,78,463,410,375,381,428,112
"0831",2125,86,412,398,342,345,441,101
"0832",2066,78,421,393,334,339,397,104
"0833",1925,82,397,358,326,298,357,107
"0834",1984,59,386,360,332,339,395,113
"0835",1961,78,380,404,342,305,343,109
"0836",1950,77,389,351,335,300,408,90
"0837",1920,74,363,374,340,370,318,81
"0838",1835,87,356,341,315,288,321,127
"0839",1878,99,368,366,289,298,366,92
"0840",1849,87,346,342,332,287,346,109
"0841",1681,68,326,280,274,324,324,85
"0842",1627,78,315,286,268,285,291,104
"0843",1651,72,325,319,285,266,303,81
"0844",1640,69,316,276,261,294,324,100
"0845",1704,76,347,311,283,271,322,94
"0846",1622,88,296,271,272,265,314,116
"0847",1624,77,346,290,267,259,292,93
"0848",1561,68,293,307,253,266,264,110
"0849",1539,72,274,297,263,247,290,96
"0850",1579,62,305,320,247,274,282,89
"0851",1503,61,278,272,255,233,287,117
"0852",1485,81,283,294,213,272,253,89
"0853",1482,74,277,262,249,254,278,88
"0854",1495,70,282,257,220,277,282,107
"0855",1447,73,244,262,243,236,291,98
"0856",1488,73,281,274,250,251,258,101
"0857",1410,75,276,239,254,206,257,103
"0858",1365,77,268,233,238,218,242,89
"0859",1431,78,265,239,265,237,254,93
"0900",1481,72,289,286,232,242,273,87
"0901",1347,65,270,226,237,231,226,92
"0902",1448,76,266,266,255,252,239,94
"0903",1320,61,230,249,218,226,242,94
"0904",1352,66,239,250,249,224,237,87
"0905",1376,89,266,229,262,209,244,77
"0906",1386,75,240,252,232,230,264,93
"0907",1296,84,252,216,220,200,234,90
"0908",1322,69,237,241,215,238,218,104
"0909",1300,74,230,243,235,213,218,87
"0910",1358,75,278,256,228,201,215,105
"0911",1252,66,251,218,223,209,199,86
"0912",1277,71,231,259,211,196,223,86
"0913",1248,72,235,225,228,195,196,97
"0914",1276,66,225,215,218,240,222,90
"0915",1362,70,250,231,253,249,220,89
"0916",1359,90,229,222,233,246,240,99
"0917",1322,71,259,251,218,197,233,93
"0918",1314,77,251,205,237,228,210,106
"0919",1301,72,229,245,224,206,218,107
"0920",1311,82,272,220,229,180,231,97
"0921",1325,74,242,221,226,215,241,106
"0922",1314,73,228,234,212,215,250,102
"0923",1333,65,231,213,234,209,274,107
"0924",1365,75,253,257,205,213,255,107
"0925",1399,94,230,266,216,231,251,111
"0926",1404,87,264,259,229,213,242,110
"0927",1371,96,247,249,230,203,237,109
"0928",1344,100,223,246,202,201,260,112
"0929",1418,87,235,240,228,246,260,122
"0930",1512,95,268,242,245,252,272,138
"0931",1419,95,273,221,261,219,239,111
"0932",1453,91,254,260,256,233,252,107
"0933",1328,81,241,231,230,209,210,126
"0934",1368,86,251,228,242,203,245,113
"0935",1442,84,288,220,243,259,233,115
"0936",1423,96,247,231,243,237,235,134
"0937",1405,96,238,232,243,213,257,126
"0938",1403,82,252,233,261,224,240,111
"0939",1359,93,242,246,248,192,246,92
"0940",1429,106,251,267,207,202,270,126
"0941",1312,79,244,222,219,209,238,101
"0942",1324,66,228,259,255,192,215,109
"0943",1271,88,223,228,196,218,210,108
"0944",1311,93,239,225,212,211,217,114
"0945",1346,92,256,241,198,225,222,112
"0946",1359,80,252,235,234,223,246,89
"0947",1437,90,229,257,276,225,252,108
"0948",1377,91,255,273,215,215,232,96
"0949",1330,77,242,220,234,189,280,88
"0950",1346,92,219,263,223,199,245,105
"0951",1283,81,257,239,212,190,196,108
"0952",1345,83,221,270,240,208,227,96
"0953",1349,80,256,246,219,205,222,121
"0954",1317,65,255,245,221,188,235,108
"0955",1319,77,248,226,217,208,246,97
"0956",1356,82,269,234,226,211,243,91
"0957",1313,80,239,232,221,225,238,78
"0958",1333,82,249,225,244,198,236,99
"0959",1406,89,225,271,211,232,261,117
"1000",1381,101,244,256,230,233,204,113
"1001",1363,76,269,241,243,214,214,106
"1002",1355,79,228,242,233,220,251,102
"1003",1317,67,272,233,215,208,208,114
"1004",1304,73,226,222,239,202,232,110
"1005",1352,103,219,225,231,217,247,110
"1006",1336,92,249,221,249,192,240,93
"1007",1332,75,251,251,224,193,236,102
"1008",1321,95,222,223,209,232,246,94
"1009",1271,73,236,225,230,188,223,96
"1010",1365,65,239,241,227,233,268,92
"1011",1242,83,228,219,198,170,235,109
"1012",1259,81,242,242,226,189,190,89
"1013",1264,66,228,253,219,201,209,88
"1014",1301,79,236,241,233,184,218,110
"1015",1268,89,198,229,228,204,215,105
"1016",1231,75,249,193,209,196,205,104
"1017",1228,79,222,212,170,219,225,101
"1018",1231,71,227,221,201,194,211,106
"1019",1194,60,230,216,216,171,206,95
"1020",1264,91,215,213,235,202,217,91
"1021",1258,68,218,259,204,185,224,100
"1022",1194,81,225,208,184,189,204,103
"1023",1199,77,223,212,197,180,204,106
"1024",1244,80,238,216,200,174,233,103
"1025",1280,91,223,216,181,207,240,122
"1026",1199,80,215,222,203,188,192,99
"1027",1209,62,240,210,183,195,219,100
"1028",1164,80,214,221,169,191,195,94
"1029",1240,87,227,206,192,202,224,102
"1030",1273,92,232,241,198,192,219,99
"1031",1173,75,216,189,216,199,181,97
"1032",1208,84,243,215,182,187,204,93
"1033",1185,74,230,190,205,180,224,82
"1034",1181,77,215,224,183,192,201,89
"1035",1257,89,220,231,224,174,206,113
"1036",1187,80,224,219,187,184,197,96
"1037",1191,100,214,190,197,193,207,90
"1038",1152,60,224,213,165,209,179,102
"1039",1165,78,226,194,185,166,209,107
"1040",1222,92,213,239,169,195,222,92
"1041",1118,82,204,182,181,160,224,85
"1042",1155,70,194,215,187,186,195,108
"1043",1134,77,193,204,201,182,184,93
"1044",1106,65,208,197,168,186,196,86
"1045",1110,70,210,199,206,175,167,83
"1046",1122,77,205,189,186,179,191,95
"1047",1113,66,204,192,163,167,208,113
"1048",1093,75,205,198,170,155,204,86
"1049",1134,74,204,195,193,175,203,90
"1050",1094,89,185,184,191,157,203,85
"1051",1070,82,172,168,193,157,193,105
"1052",1033,83,188,188,160,156,187,71
"1053",1050,74,208,163,174,158,189,84
"1054",1062,80,201,196,141,167,199,78
"1055",1084,76,170,208,177,169,191,93
"1056",1022,74,161,202,168,166,164,87
"1057",1064,79,195,194,168,175,171,82
"1058",1095,64,203,191,193,165,190,89
"1059",1086,69,211,213,177,150,184,82
"1100",1097,73,208,171,170,179,196,100
"1101",1079,65,198,194,187,174,175,86
"1102",1062,69,204,186,179,170,171,83
"1103",1084,78,218,204,181,169,155,79
"1104",1015,54,199,176,173,153,175,85
"1105",1064,77,189,166,181,164,191,96
"1106",1030,70,177,188,173,155,165,102
"1107",1038,77,183,163,177,177,181,80
"1108",1108,74,195,214,184,154,193,94
"1109",1040,75,187,182,185,146,182,83
"1110",1079,85,207,197,156,154,189,91
"1111",1057,73,188,210,151,180,182,73
"1112",1024,58,191,185,175,169,161,85
"1113",969,81,155,153,179,166,155,80
"1114",969,78,157,175,156,159,174,70
"1115",977,61,167,176,174,167,152,80
"1116",971,55,166,177,171,147,171,84
"1117",1034,89,175,178,178,158,166,90
"1118",1011,98,187,190,143,157,156,80
"1119",979,80,161,186,162,152,171,67
"1120",1031,67,193,161,184,166,191,69
"1121",1002,45,223,153,159,149,188,85
"1122",999,73,177,166,175,155,170,83
"1123",937,60,156,187,156,140,172,66
"1124",978,71,165,197,154,161,146,84
"1125",1008,74,173,183,181,156,170,71
"1126",918,52,157,161,166,151,139,92
"1127",957,77,153,162,179,155,150,81
"1128",995,66,203,175,168,161,151,71
"1129",1015,84,172,182,163,137,188,89
"1130",1006,74,201,149,148,170,184,80
"1131",915,61,150,152,147,169,173,63
"1132",964,68,179,137,176,137,184,83
"1133",993,72,181,182,157,165,155,81
"1134",1007,62,181,169,195,167,149,84
"1135",953,56,173,159,174,138,176,77
"1136",990,75,188,178,148,130,179,92
"1137",991,70,166,186,178,172,138,81
"1138",946,50,173,155,168,149,163,88
"1139",960,69,169,170,154,135,185,78
"1140",1004,72,180,167,189,171,145,80
"1141",972,66,157,184,158,153,183,71
"1142",915,74,142,174,153,130,173,69
"1143",862,63,147,134,176,146,140,56
"1144",982,69,167,145,162,166,173,100
"1145",1023,59,179,156,193,173,185,78
"1146",914,72,164,150,141,161,169,57
"1147",1001,62,176,174,174,153,176,86
"1148",934,75,158,169,151,146,164,71
"1149",996,68,168,166,160,171,173,90
"1150",1004,76,196,173,158,142,171,88
"1151",947,65,172,170,156,132,177,75
"1152",995,68,160,176,185,178,146,82
"1153",866,64,162,141,142,139,150,68
"1154",968,76,169,158,170,163,160,72
"1155",988,57,176,171,190,143,167,84
"1156",1002,51,177,203,161,150,181,79
"1157",973,64,177,180,156,144,180,72
"1158",913,61,188,156,164,135,163,46
"1159",957,78,155,178,121,156,182,87
"1200",1036,79,190,162,172,153,190,90
"1201",994,56,174,193,163,178,167,63
"1202",1005,58,224,177,145,140,181,80
"1203",948,63,186,167,148,145,175,64
"1204",1021,67,185,203,164,156,172,74
"1205",1072,69,204,181,185,172,186,75
"1206",1030,70,188,177,169,164,173,89
"1207",1013,71,210,166,161,169,168,68
"1208",1002,51,187,181,163,169,189,62
"1209",1014,58,189,168,181,169,178,71
"1210",1131,76,233,204,175,184,189,70
"1211",1005,48,199,205,163,170,170,50
"1212",1115,70,202,203,178,186,200,76
"1213",1089,84,216,194,188,179,166,62
"1214",1131,64,228,202,179,196,190,72
"1215",1215,68,239,222,211,212,200,63
"1216",1125,62,210,212,186,197,201,57
"1217",1222,57,229,220,231,199,224,62
"1218",1257,60,247,217,225,223,205,80
"1219",1286,65,254,249,219,208,220,71
"1220",1346,64,289,242,228,209,227,87
"1221",1320,67,264,239,243,212,222,73
"1222",1394,56,307,252,259,205,239,76
"1223",1463,68,326,287,247,210,253,72
"1224",1431,65,309,271,235,245,236,70
"1225",1508,66,310,283,257,265,252,75
"1226",1488,65,283,247,256,242,292,103
"1227",1540,60,334,294,260,253,258,81
"1228",1542,51,352,272,259,267,267,74
"1229",1515,62,340,279,268,257,249,60
"1230",1648,71,306,330,280,294,291,76
"1231",1610,65,341,313,266,274,274,77
"1232",1540,65,316,290,255,259,280,75
"1233",1625,50,344,311,282,278,285,75
"1234",1640,63,359,317,276,276,271,78
"1235",1664,72,361,296,296,279,286,74
"1236",1577,52,299,313,290,289,273,61
"1237",1595,70,319,305,270,246,318,67
"1238",1619,51,306,330,304,283,284,61
"1239",1605,63,320,321,276,291,255,79
"1240",1646,56,321,305,296,301,293,74
"1241",1600,55,350,295,265,274,290,71
"1242",1599,62,342,307,276,253,296,63
"1243",1565,54,358,279,270,261,252,91
"1244",1530,51,313,315,263,266,251,71
"1245",1577,61,336,307,267,264,273,69
"1246",1508,61,327,289,236,257,275,63
"1247",1488,52,303,312,259,243,264,55
"1248",1508,69,324,266,261,265,247,76
"1249",1596,63,337,304,274,257,279,82
"1250",1580,73,338,278,266,278,268,79
"1251",1565,59,350,299,268,248,277,64
"1252",1598,58,334,300,256,295,267,88
"1253",1539,48,325,331,254,240,272,69
"1254",1573,66,314,305,268,260,285,75
"1255",1585,65,297,312,286,251,290,84
"1256",1525,56,322,285,263,263,266,70
"1257",1537,65,340,295,239,240,286,72
"1258",1521,61,319,298,268,270,229,76
"1259",1541,54,328,288,236,268,299,68
"1300",1614,45,324,330,249,307,294,65
"1301",1517,68,292,288,267,264,262,76
"1302",1442,52,273,301,265,222,269,60
"1303",1449,60,292,265,272,226,258,76
"1304",1468,46,315,243,263,252,288,61
"1305",1455,60,294,231,266,247,292,65
"1306",1407,41,270,268,242,260,260,66
"1307",1378,42,270,288,226,257,236,59
"1308",1387,52,282,252,248,250,233,70
"1309",1388,61,277,258,237,250,239,66
"1310",1356,49,304,241,220,207,256,79
"1311",1371,67,275,252,233,226,263,55
"1312",1294,59,258,229,243,218,235,52
"1313",1255,63,246,228,235,198,230,55
"1314",1312,57,260,234,241,218,240,62
"1315",1255,52,278,213,206,228,224,54
"1316",1258,46,245,219,246,204,229,69
"1317",1284,57,276,236,194,215,232,74
"1318",1217,62,246,210,224,185,226,64
"1319",1210,51,237,208,228,209,215,62
"1320",1214,58,224,210,228,208,220,66
"1321",1189,52,255,218,191,200,216,57
"1322",1147,69,231,189,213,172,202,71
"1323",1115,49,244,210,184,177,196,55
"1324",1127,56,225,219,188,193,195,51
"1325",1190,72,229,222,215,197,196,59
"1326",1124,56,224,230,179,172,190,73
"1327",1122,50,212,204,199,201,198,58
"1328",1065,56,210,178,165,199,192,65
"1329",1102,44,212,211,193,178,222,42
"1330",1156,45,234,204,192,197,225,59
"1331",1129,59,197,189,196,191,225,72
"1332",1051,50,208,182,169,184,187,71
"1333",1113,55,214,183,199,190,209,63
"1334",1000,59,205,160,178,153,185,60
"1335",1173,74,205,204,218,167,234,71
"1336",1060,51,186,208,180,185,190,60
"1337",1054,48,189,218,161,195,186,57
"1338",1021,56,177,188,161,176,200,63
"1339",1021,54,172,172,196,168,190,69
"1340",1047,52,191,201,195,165,189,54
"1341",1017,63,154,202,181,153,204,60
"1342",987,45,165,189,200,153,174,61
"1343",1039,63,199,169,182,170,205,51
"1344",1025,62,193,180,170,155,201,64
"1345",1078,55,211,205,184,166,195,62
"1346",1031,54,192,175,192,158,189,71
"1347",1006,52,188,170,175,158,195,68
"1348",954,60,180,173,154,153,176,58
"1349",977,58,180,172,162,162,178,65
"1350",979,54,190,186,153,131,212,53
"1351",980,60,177,212,139,152,182,58
"1352",965,53,169,170,138,174,199,62
"1353",966,58,190,154,151,182,174,57
"1354",961,55,191,147,150,149,201,68
"1355",954,65,161,175,157,151,182,63
"1356",961,55,178,189,157,143,181,58
"1357",921,40,184,190,152,117,173,65
"1358",987,49,186,169,166,160,201,56
"1359",974,52,167,185,156,173,178,63
"1400",992,54,170,179,176,152,194,67
"1401",921,48,161,179,142,166,161,64
"1402",965,51,173,182,155,148,201,55
"1403",871,64,149,142,149,148,166,53
"1404",896,53,162,164,170,124,169,54
"1405",950,56,176,170,159,160,173,56
"1406",901,65,168,138,136,170,159,65
"1407",842,53,148,149,136,136,163,57
"1408",897,52,160,134,166,141,173,71
"1409",886,58,149,155,164,137,156,67
"1410",929,49,160,165,168,151,183,53
"1411",875,61,152,148,147,144,160,63
"1412",878,47,136,172,141,131,183,68
"1413",843,54,149,142,151,147,151,49
"1414",946,63,192,154,155,149,168,65
"1415",929,52,168,164,158,153,166,68
"1416",889,52,186,146,143,136,165,61
"1417",835,45,172,157,141,120,149,51
"1418",848,48,178,151,119,152,146,54
"1419",882,59,176,154,135,148,161,49
"1420",869,50,162,153,152,135,165,52
"1421",866,47,139,146,141,137,188,68
"1422",865,64,141,161,140,137,161,61
"1423",830,55,145,136,144,127,174,49
"1424",843,49,153,136,143,148,156,58
"1425",919,60,184,149,155,122,180,69
"1426",823,54,163,154,123,133,146,50
"1427",850,32,139,148,139,134,191,67
"1428",848,66,155,142,142,141,151,51
"1429",854,47,151,151,143,136,177,49
"1430",898,54,170,146,150,132,183,63
"1431",851,59,139,170,133,126,167,57
"1432",825,47,155,148,119,151,147,58
"1433",787,51,134,126,141,114,157,64
"1434",850,61,142,128,149,146,165,59
"1435",846,53,154,148,125,145,167,54
"1436",834,56,137,136,142,129,166,68
"1437",820,65,140,129,151,134,156,45
"1438",753,47,139,122,118,129,137,61
"1439",792,56,122,120,124,144,163,63
"1440",807,54,146,150,120,128,147,62
"1441",838,47,147,153,137,142,152,60
"1442",793,60,129,121,131,127,158,67
"1443",771,59,146,132,115,132,135,52
"1444",743,57,122,122,138,118,136,50
"1445",840,58,136,155,150,138,149,54
"1446",777,49,125,127,148,135,135,58
"1447",772,63,138,147,119,111,137,57
"1448",744,45,136,118,123,117,136,69
"1449",777,50,122,117,150,133,142,63
"1450",779,57,121,134,141,137,130,59
"1451",721,45,117,117,119,130,133,60
"1452",780,55,126,145,140,97,168,49
"1453",736,44,143,140,122,111,125,51
"1454",715,49,122,107,113,123,145,56
"1455",742,48,120,127,120,111,151,65
"1456",688,46,122,127,117,100,129,47
"1457",725,56,109,120,107,134,132,67
"1458",707,51,133,110,111,118,133,51
"1459",729,55,139,110,116,127,137,45
"1500",744,38,137,135,108,138,125,63
"1501",698,48,136,107,105,115,136,51
"1502",666,58,135,88,99,113,129,44
"1503",742,52,128,125,123,115,137,62
"1504",693,42,130,116,108,117,116,64
"1505",730,65,130,119,120,105,122,69
"1506",687,38,106,125,110,107,137,64
"1507",733,59,134,114,123,110,137,56
"1508",747,48,123,109,146,116,145,60
"1509",707,51,112,113,129,113,139,50
"1510",693,59,108,112,111,112,137,54
"1511",696,56,116,132,126,91,130,45
"1512",713,57,119,135,112,108,131,51
"1513",660,53,120,123,108,105,105,46
"1514",716,59,120,113,118,109,144,53
"1515",730,58,136,113,118,109,145,51
"1516",630,53,122,99,86,102,124,44
"1517",647,55,115,123,94,99,106,55
"1518",647,48,119,103,100,87,129,61
"1519",671,47,105,118,111,120,109,61
"1520",673,54,108,125,104,113,117,52
"1521",623,44,103,101,102,97,116,60
"1522",672,58,102,121,118,96,124,53
"1523",715,57,100,137,121,103,134,63
"1524",699,57,142,92,102,109,128,69
"1525",732,58,130,136,111,113,139,45
"1526",694,39,128,131,96,110,131,59
"1527",698,42,143,110,102,99,138,64
"1528",638,46,129,85,96,104,121,57
"1529",692,43,124,115,107,95,146,62
"1530",709,46,139,121,99,104,143,57
"1531",645,57,119,99,103,94,128,45
"1532",654,54,121,108,106,107,97,61
"1533",692,51,128,117,111,114,124,47
"1534",694,48,113,114,101,133,126,59
"1535",705,50,120,123,94,110,133,75
"1536",662,43,108,104,108,108,134,57
"1537",677,48,109,112,101,112,126,69
"1538",670,51,118,107,107,119,107,61
"1539",675,48,123,113,104,102,132,53
"1540",651,52,90,122,99,110,120,58
"1541",668,53,108,117,108,119,116,47
"1542",653,53,104,115,110,81,139,51
"1543",611,53,110,91,89,108,111,49
"1544",693,52,113,118,117,106,120,67
"1545",702,53,123,117,105,112,131,61
"1546",660,55,103,98,116,107,136,45
"1547",660,54,120,89,110,92,120,75
"1548",654,54,101,102,121,100,128,48
"1549",648,46,114,101,114,103,115,55
"1550",646,50,121,100,97,96,136,46
"1551",637,46,111,107,103,95,130,45
"1552",653,52,113,115,86,104,124,59
"1553",687,59,134,115,111,102,117,49
"1554",659,53,113,95,120,89,117,72
"1555",638,60,115,96,100,105,115,47
"1556",669,45,114,134,80,104,131,61
"1557",653,50,107,110,104,95,140,47
"1558",626,51,109,95,112,102,107,50
"1559",667,50,124,116,89,91,139,58
"1600",708,53,122,118,101,115,137,62
"1601",629,48,94,115,114,88,112,58
"1602",623,42,122,96,108,86,112,57
"1603",700,59,102,112,106,113,155,53
"1604",680,33,115,105,100,120,146,61
"1605",678,49,105,115,104,116,124,65
"1606",660,47,122,117,94,93,118,69
"1607",671,49,133,104,103,100,121,61
"1608",660,50,104,113,112,109,122,50
"1609",602,42,99,89,100,112,107,53
"1610",586,42,91,81,87,119,116,50
"1611",626,47,118,95,98,105,112,51
"1612",663,54,108,120,102,109,99,71
"1613",634,49,114,98,109,100,109,55
"1614",676,49,115,132,111,107,106,56
"1615",681,47,107,118,99,119,128,63
"1616",672,54,123,112,106,94,121,62
"1617",673,61,114,133,91,85,138,51
"1618",677,48,108,115,120,102,125,59
"1619",626,46,109,110,89,94,121,57
"1620",674,58,130,103,101,118,108,56
"1621",632,50,122,92,99,99,119,51
"1622",629,48,103,103,103,112,110,50
"1623",647,42,96,112,105,115,132,45
"1624",705,52,133,118,96,118,126,62
"1625",646,55,117,96,83,112,116,67
"1626",676,53,119,99,99,109,129,68
"1627",688,48,127,123,90,119,122,59
"1628",669,46,118,106,101,114,119,65
"1629",632,53,130,106,96,95,99,53
"1630",698,48,150,103,118,114,116,49
"1631",635,52,117,112,94,116,96,48
"1632",683,50,107,104,103,126,141,52
"1633",679,49,108,109,104,112,137,60
"1634",714,47,120,126,135,113,107,66
"1635",654,62,125,101,110,95,109,52
"1636",685,58,104,107,124,123,110,59
"1637",691,48,130,106,107,119,121,60
"1638",665,54,123,104,104,119,115,46
"1639",692,47,127,102,96,113,145,62
"1640",681,48,139,122,100,108,112,52
"1641",710,44,114,133,113,130,109,67
"1642",665,44,108,124,115,113,106,55
"1643",670,50,109,109,105,105,127,65
"1644",741,52,127,129,119,125,137,52
"1645",746,69,143,127,123,111,115,58
"1646",659,63,116,106,101,102,127,44
"1647",723,50,135,126,123,117,121,51
"1648",699,49,135,134,110,100,118,53
"1649",662,40,126,113,100,120,111,52
"1650",688,40,131,132,114,115,103,53
"1651",617,39,107,104,104,90,124,49
"1652",662,42,113,106,110,112,110,69
"1653",656,43,127,127,89,115,111,44
"1654",721,46,134,114,128,114,113,72
"1655",741,63,140,122,106,120,135,55
"1656",643,51,117,117,90,112,105,51
"1657",690,45,131,129,103,109,118,55
"1658",682,42,122,111,101,116,126,64
"1659",688,55,121,108,107,114,139,44
"1700",750,52,143,137,116,122,120,60
"1701",664,41,99,128,100,121,124,51
"1702",672,49,108,116,109,119,125,46
"1703",673,46,110,121,108,120,114,54
"1704",613,38,103,98,96,122,113,43
"1705",689,44,133,125,109,112,113,53
"1706",637,45,117,120,85,113,102,55
"1707",683,41,127,114,112,107,132,50
"1708",721,56,126,124,136,113,111,55
"1709",666,46,131,118,111,110,104,46
"1710",684,57,124,120,116,102,101,64
"1711",689,65,110,127,102,119,112,54
"1712",651,46,111,122,119,102,105,46
"1713",631,53,109,105,99,109,98,58
"1714",718,55,140,119,113,101,130,60
"1715",729,56,151,127,117,107,109,62
"1716",647,34,123,105,109,109,110,57
"1717",704,62,114,128,119,123,108,50
"1718",649,60,106,113,108,105,104,53
"1719",673,52,150,108,100,111,104,48
"1720",679,55,109,120,102,115,126,52
"1721",680,44,114,117,125,115,116,49
"1722",681,46,146,116,95,110,112,56
"1723",633,51,120,112,77,113,97,63
"1724",713,36,123,115,130,132,122,55
"1725",720,54,121,138,122,114,106,65
"1726",716,51,122,136,127,118,107,55
"1727",720,48,136,114,124,127,115,56
"1728",656,42,126,108,115,120,91,54
"1729",722,42,119,136,107,135,112,71
"1730",725,43,145,141,110,116,115,55
"1731",742,52,136,127,136,114,120,57
"1732",715,47,128,124,111,137,120,48
"1733",686,47,133,121,105,103,119,58
"1734",727,55,124,132,130,129,105,52
"1735",757,55,152,132,123,124,117,54
"1736",680,36,141,144,92,113,103,51
"1737",740,48,144,131,103,136,123,55
"1738",781,49,137,145,127,144,130,49
"1739",730,50,151,122,123,122,118,44
"1740",728,43,143,140,124,117,116,45
"1741",733,56,122,144,121,123,117,50
"1742",687,44,130,132,131,110,97,43
"1743",698,40,139,120,116,126,101,56
"1744",750,59,149,122,132,109,121,58
"1745",790,57,153,125,140,141,112,62
"1746",790,54,145,145,141,141,104,60
"1747",765,49,142,137,112,137,128,60
"1748",719,55,132,132,107,122,126,45
"1749",737,54,142,130,109,131,121,50
"1750",742,45,145,129,134,143,100,46
"1751",674,41,130,115,131,116,103,38
"1752",724,46,149,118,107,131,128,45
"1753",653,44,124,112,106,99,116,52
"1754",744,48,145,143,115,109,128,56
"1755",740,44,151,124,109,140,117,55
"1756",752,50,137,113,123,147,121,61
"1757",621,34,132,121,96,116,78,44
"1758",714,53,127,118,128,137,93,58
"1759",682,39,114,115,105,138,115,56
"1800",751,48,140,121,121,146,129,46
"1801",719,55,126,122,123,126,104,63
"1802",701,48,149,100,120,108,122,54
"1803",658,36,121,132,107,114,102,46
"1804",669,38,122,127,105,130,97,50
"1805",731,58,138,131,127,116,101,60
"1806",692,53,124,119,113,122,103,58
"1807",674,50,108,124,105,127,96,64
"1808",668,47,127,115,112,110,106,51
"1809",647,48,106,98,108,137,100,50
"1810",641,43,120,117,115,109,83,54
"1811",692,38,131,139,121,116,101,46
"1812",698,51,121,123,121,126,99,57
"1813",647,36,123,114,105,128,103,38
"1814",697,56,131,120,115,127,103,45
"1815",700,44,118,121,116,131,114,56
"1816",677,41,116,136,107,107,112,58
"1817",703,56,123,119,124,121,90,70
"1818",654,50,120,107,102,114,105,56
"1819",677,60,129,113,118,112,110,35
"1820",671,48,116,127,114,110,96,60
"1821",660,55,114,109,105,115,107,55
"1822",653,46,119,107,111,117,111,42
"1823",650,43,114,121,97,114,102,59
"1824",629,51,109,100,120,120,88,41
"1825",676,60,114,129,112,112,95,54
"1826",650,43,128,119,104,105,100,51
"1827",665,51,132,114,117,109,82,60
"1828",630,46,121,107,101,103,107,45
"1829",637,41,112,116,111,105,98,54
"1830",720,65,125,131,99,126,111,63
"1831",639,45,103,105,103,128,106,49
"1832",583,52,116,97,75,89,106,48
"1833",549,52,93,90,86,92,82,54
"1834",617,44,114,110,98,107,99,45
"1835",615,61,99,110,93,108,97,47
"1836",628,66,117,124,91,102,91,37
"1837",635,60,136,94,103,109,73,60
"1838",617,40,122,100,96,111,94,54
"1839",598,46,122,103,97,105,71,54
"1840",605,46,108,107,88,109,92,55
"1841",567,46,117,96,91,91,95,31
"1842",567,54,88,96,89,107,88,45
"1843",602,54,110,101,96,104,85,52
"1844",606,46,103,99,103,114,88,53
"1845",634,54,130,98,98,117,88,49
"1846",606,42,117,93,101,104,96,53
"1847",556,35,105,76,94,111,90,45
"1848",505,41,96,88,72,96,81,31
"1849",594,40,109,104,99,106,89,47
"1850",627,53,117,104,99,88,102,64
"1851",542,38,96,95,76,104,95,38
"1852",561,44,81,103,93,114,80,46
"1853",533,48,102,103,86,75,66,53
"1854",536,34,106,102,92,94,76,32
"1855",628,42,113,108,110,109,95,51
"1856",544,40,107,107,74,97,65,54
"1857",529,42,111,73,83,87,84,49
"1858",512,37,95,84,73,94,82,47
"1859",488,44,91,84,67,75,83,44
"1900",533,46,94,94,77,86,89,47
"1901",529,49,93,94,77,96,76,44
"1902",505,47,81,89,81,90,81,36
"1903",538,45,98,96,89,86,81,43
"1904",489,43,93,89,72,89,65,38
"1905",517,43,101,83,85,106,71,28
"1906",528,36,97,98,76,93,88,40
"1907",539,36,89,111,88,92,76,47
"1908",522,41,104,97,76,80,64,60
"1909",506,38,84,81,88,85,83,47
"1910",480,34,86,79,89,65,78,49
"1911",506,55,72,82,80,96,77,44
"1912",492,35,84,74,91,88,69,51
"1913",471,50,95,85,53,72,73,43
"1914",474,43,70,91,75,68,71,56
"1915",470,42,79,81,70,83,71,44
"1916",469,40,85,74,70,85,70,45
"1917",467,47,77,93,77,71,69,33
"1918",462,32,81,81,70,93,71,34
"1919",473,42,90,76,69,69,75,52
"1920",472,35,85,87,68,72,69,56
"1921",440,37,85,82,55,78,66,37
"1922",486,47,83,89,75,83,67,42
"1923",445,44,80,73,67,74,51,56
"1924",483,40,67,95,72,85,75,49
"1925",446,37,81,69,75,68,80,36
"1926",440,43,91,74,56,82,52,42
"1927",426,34,74,78,72,79,50,39
"1928",429,36,72,78,74,61,64,44
"1929",434,46,76,63,71,74,58,46
"1930",483,43,84,84,69,95,57,51
"1931",444,50,84,64,65,76,64,41
"1932",491,56,81,83,82,71,77,41
"1933",438,33,74,74,67,80,72,38
"1934",468,41,68,101,74,82,57,45
"1935",472,50,90,67,72,94,72,27
"1936",476,48,66,83,82,92,56,49
"1937",460,43,73,85,59,83,75,42
"1938",428,33,84,71,66,78,63,33
"1939",495,53,97,74,77,76,59,59
"1940",531,43,105,88,75,93,72,55
"1941",513,23,69,103,84,85,86,63
"1942",498,56,88,90,61,76,80,47
"1943",482,54,87,66,74,72,74,55
"1944",509,42,99,82,68,88,77,53
"1945",507,44,72,105,78,92,76,40
"1946",547,58,79,75,100,85,85,65
"1947",518,45,86,88,98,78,81,42
"1948",554,59,98,112,88,69,85,43
"1949",486,35,89,103,85,63,77,34
"1950",563,45,104,100,82,92,84,56
"1951",536,55,99,85,72,87,89,49
"1952",553,47,108,88,71,82,105,52
"1953",514,57,93,71,70,92,82,49
"1954",563,41,104,85,96,105,71,61
"1955",552,47,88,90,95,90,81,61
"1956",563,66,95,80,96,83,87,56
"1957",553,53,103,104,73,93,67,60
"1958",558,50,103,80,98,82,80,65
"1959",557,56,105,84,85,90,79,58
"2000",563,58,89,107,96,82,82,49
"2001",524,41,103,89,80,79,86,46
"2002",576,66,89,101,82,106,73,59
"2003",521,54,91,77,97,90,69,43
"2004",516,39,84,89,97,87,77,43
"2005",545,42,99,89,98,96,70,51
"2006",562,57,99,86,90,104,76,50
"2007",558,47,104,113,74,96,80,44
"2008",585,51,90,93,100,85,96,70
"2009",567,68,92,82,82,98,97,48
"2010",592,45,99,111,105,91,92,49
"2011",517,50,77,76,88,87,88,51
"2012",573,62,89,89,94,88,87,64
"2013",504,32,98,77,84,77,87,49
"2014",570,61,97,94,96,95,82,45
"2015",477,28,94,94,84,81,53,43
"2016",538,45,96,79,99,73,102,44
"2017",560,55,87,96,73,110,78,61
"2018",541,38,100,84,91,83,89,56
"2019",522,61,83,80,92,81,79,46
"2020",545,47,90,97,90,96,83,42
"2021",538,66,89,87,78,82,87,49
"2022",512,48,93,84,85,82,81,39
"2023",549,49,101,93,82,100,69,55
"2024",545,60,90,80,82,107,80,46
"2025",527,49,93,93,70,95,73,54
"2026",551,45,83,98,100,87,84,54
"2027",514,48,76,90,75,85,86,54
"2028",527,50,84,79,95,82,84,53
"2029",556,36,95,104,78,86,97,60
"2030",525,56,75,84,79,90,94,47
"2031",537,48,83,86,83,95,84,58
"2032",566,62,94,92,85,104,81,48
"2033",536,44,94,87,82,84,87,58
"2034",551,42,95,95,98,89,81,51
"2035",515,44,89,97,69,74,77,65
"2036",546,47,117,102,76,73,87,44
"2037",540,56,93,88,90,83,74,56
"2038",521,44,94,79,84,92,74,54
"2039",532,32,88,106,90,80,72,64
"2040",551,41,105,97,78,96,77,57
"2041",494,50,92,81,79,93,63,36
"2042",462,38,81,63,84,76,72,48
"2043",495,50,73,82,100,74,76,40
"2044",484,51,78,72,80,83,72,48
"2045",505,50,83,78,83,79,81,51
"2046",494,55,94,71,87,68,81,38
"2047",510,65,83,76,71,90,77,48
"2048",460,55,79,76,70,72,66,42
"2049",476,68,75,74,77,72,61,49
"2050",510,45,97,88,80,80,68,52
"2051",499,45,94,88,66,83,73,50
"2052",490,45,79,81,81,86,72,46
"2053",499,58,73,85,98,84,52,49
"2054",549,59,94,84,96,84,83,49
"2055",471,43,88,73,63,79,78,47
"2056",524,59,89,84,79,83,77,53
"2057",487,45,84,74,84,79,86,35
"2058",454,38,88,86,64,74,68,36
"2059",454,55,78,64,73,67,64,53
"2100",557,46,93,103,88,101,71,55
"2101",477,55,75,97,64,77,65,44
"2102",479,60,66,97,65,88,58,45
"2103",457,46,78,72,81,79,57,44
"2104",465,49,70,76,76,89,65,40
"2105",465,51,66,79,91,69,61,48
"2106",505,48,99,64,86,75,81,52
"2107",493,54,82,88,74,83,62,50
"2108",502,63,73,72,81,78,82,53
"2109",511,53,76,93,74,85,85,45
"2110",482,50,75,68,84,66,79,60
"2111",498,54,70,97,77,71,80,49
"2112",483,44,81,72,88,85,64,49
"2113",446,52,83,57,67,76,63,48
"2114",458,34,60,88,68,75,81,52
"2115",468,45,76,77,75,65,76,54
"2116",437,43,74,73,71,67,71,38
"2117",493,50,82,84,78,73,80,46
"2118",489,70,86,72,73,83,55,50
"2119",467,56,70,74,70,77,70,50
"2120",539,65,87,91,81,96,64,55
"2121",447,49,69,74,55,83,63,54
"2122",469,35,78,78,82,68,80,48
"2123",437,40,81,70,70,50,66,60
"2124",484,48,72,73,80,86,76,49
"2125",489,50,92,64,70,86,78,49
"2126",453,46,88,75,66,75,68,35
"2127",527,48,85,83,86,85,86,54
"2128",451,40,85,87,56,58,82,43
"2129",444,55,72,69,65,84,60,39
"2130",485,39,92,73,84,62,77,58
"2131",491,64,88,79,72,66,74,48
"2132",457,60,71,65,66,85,68,42
"2133",454,43,74,75,62,78,66,56
"2134",447,46,66,60,82,79,69,45
"2135",458,45,82,74,73,82,58,44
"2136",446,52,74,69,73,64,67,47
"2137",471,56,87,70,75,77,61,45
"2138",467,42,72,98,66,76,70,43
"2139",443,55,75,64,66,75,67,41
"2140",483,56,78,76,86,77,53,57
"2141",451,37,77,81,80,74,64,38
"2142",413,49,72,67,67,62,57,39
"2143",443,42,67,82,76,73,58,45
"2144",410,42,62,78,54,78,55,41
"2145",510,52,85,86,78,84,76,49
"2146",409,39,57,80,77,57,66,33
"2147",457,48,66,89,80,70,62,42
"2148",460,39,89,87,70,69,56,50
"2149",429,44,70,70,58,76,59,52
"2150",468,59,63,59,68,88,81,50
"2151",425,45,64,71,61,77,65,42
"2152",457,36,54,77,81,81,82,46
"2153",451,52,73,59,65,77,68,57
"2154",449,44,74,59,64,66,90,52
"2155",437,48,78,66,68,66,63,48
"2156",462,51,71,71,84,70,66,49
"2157",404,44,69,65,63,64,52,47
"2158",427,49,70,61,74,76,61,36
"2159",428,41,58,76,77,74,58,44
"2200",484,49,61,80,86,86,82,40
"2201",411,51,66,58,67,70,52,47
"2202",448,47,64,71,82,68,68,48
"2203",448,57,79,67,64,81,56,44
"2204",448,39,77,73,67,78,73,41
"2205",459,50,82,62,72,61,69,63
"2206",430,48,71,68,81,70,51,41
"2207",397,51,64,56,57,72,56,41
"2208",404,36,67,55,54,82,62,48
"2209",412,49,63,72,58,58,55,57
"2210",425,36,73,68,71,68,63,46
"2211",394,40,48,60,62,68,67,49
"2212",420,48,58,58,75,77,54,50
"2213",398,47,62,57,66,68,54,44
"2214",406,42,73,62,56,70,54,49
"2215",447,45,75,74,78,69,61,45
"2216",399,40,65,70,58,55,57,54
"2217",422,40,81,54,64,76,65,42
"2218",367,39,53,60,69,55,48,43
"2219",420,47,66,77,64,65,55,46
"2220",434,57,79,72,64,71,51,40
"2221",423,47,82,72,60,72,44,46
"2222",433,45,72,70,64,74,75,33
"2223",425,48,68,64,61,57,68,59
"2224",422,42,69,65,68,66,56,56
"2225",414,51,64,50,55,71,68,55
"2226",416,47,64,70,58,62,66,49
"2227",429,54,67,76,54,71,62,45
"2228",448,47,80,70,62,73,63,53
"2229",454,40,73,79,61,74,74,53
"2230",448,58,71,72,72,67,62,46
"2231",388,49,54,62,52,61,63,47
"2232",431,53,66,57,84,55,64,52
"2233",365,29,59,56,80,54,45,42
"2234",430,48,72,57,78,68,59,48
"2235",456,53,60,75,74,69,72,53
"2236",391,39,57,55,69,68,62,41
"2237",419,46,69,74,60,71,62,37
"2238",397,36,78,75,52,55,59,42
"2239",409,51,72,68,52,60,57,49
"2240",417,41,46,67,74,77,66,46
"2241",432,56,71,74,76,58,50,47
"2242",428,50,76,65,71,73,51,42
"2243",397,47,58,57,64,62,63,46
"2244",426,52,60,65,80,61,57,51
"2245",431,42,70,77,70,70,59,43
"2246",417,42,79,61,46,73,72,44
"2247",398,51,61,63,47,71,56,49
"2248",397,55,57,59,61,57,63,45
"2249",399,53,56,72,54,67,57,40
"2250",400,54,58,56,54,66,70,42
"2251",353,39,64,54,57,50,57,32
"2252",431,52,78,72,58,53,64,54
"2253",384,53,64,54,58,63,44,48
"2254",369,47,52,54,48,69,55,44
"2255",430,57,67,65,59,66,65,51
"2256",397,47,74,66,58,68,48,36
"2257",407,53,65,73,59,54,56,47
"2258",385,45,60,64,65,64,51,36
"2259",398,53,50,63,59,59,54,60
"2300",456,52,69,71,65,85,68,46
"2301",378,46,54,51,56,67,57,47
"2302",365,42,52,56,66,48,57,44
"2303",348,49,44,67,50,50,54,34
"2304",401,43,57,67,59,66,57,52
"2305",358,37,50,58,66,51,50,46
"2306",365,45,62,64,40,52,63,39
"2307",381,37,68,64,47,54,63,48
"2308",361,37,50,57,64,56,64,33
"2309",357,43,58,50,64,55,47,40
"2310",352,37,48,59,54,63,53,38
"2311",356,39,47,59,56,59,62,34
"2312",360,37,47,48,51,54,71,52
"2313",380,46,56,63,56,60,53,46
"2314",369,40,45,60,44,61,74,45
"2315",369,42,63,55,57,58,60,34
"2316",386,48,56,47,56,65,67,47
"2317",330,40,53,58,50,50,50,29
"2318",366,40,49,46,62,68,63,38
"2319",380,43,60,71,50,49,64,43
"2320",351,43,60,64,53,45,42,44
"2321",364,47,47,59,54,55,52,50
"2322",373,44,67,58,53,47,54,50
"2323",382,44,65,53,61,53,60,46
"2324",377,45,57,71,60,58,51,35
"2325",387,35,56,55,60,62,60,59
"2326",349,41,44,51,48,65,54,46
"2327",343,35,58,50,61,47,49,43
"2328",349,35,49,58,47,63,47,50
"2329",359,47,51,50,59,52,58,42
"2330",348,41,42,50,61,49,61,44
"2331",338,43,55,57,55,37,48,43
"2332",336,42,50,46,66,43,51,38
"2333",371,36,59,55,62,46,68,45
"2334",347,41,57,48,54,56,50,41
"2335",321,40,50,52,39,46,50,44
"2336",333,43,53,59,51,44,39,44
"2337",356,47,62,56,40,49,51,51
"2338",345,33,61,58,57,60,40,36
"2339",347,36,54,46,57,58,43,53
"2340",381,33,72,68,52,59,48,49
"2341",347,34,55,65,50,50,46,47
"2342",360,43,49,61,50,59,66,32
"2343",348,43,55,46,42,50,70,42
"2344",338,34,64,48,52,53,48,39
"2345",340,44,60,49,57,50,42,38
"2346",348,40,52,54,50,60,52,40
"2347",354,62,46,65,46,47,33,55
"2348",348,35,58,62,54,64,37,38
"2349",325,45,58,54,49,42,32,45
"2350",366,45,65,52,60,52,54,38
"2351",362,40,63,49,61,55,42,52
"2352",333,48,56,56,46,40,43,44
"2353",353,44,68,43,50,63,51,34
"2354",383,43,58,66,57,55,50,54
"2355",318,41,58,57,45,38,38,41
"2356",336,53,56,43,43,45,56,40
"2357",328,45,40,58,44,38,55,48
"2358",329,57,43,44,45,51,39,50
"2359",375,45,47,58,66,54,58,47
